*************************************************************
6 EKF
seenY =

  Columns 1 through 15

   27.2686   27.2692   25.8260   25.7362   25.2941   24.8520   25.1362   25.1752   24.9465   24.8927   25.3844   26.5957   26.2749   25.9935   25.5260

  Columns 16 through 20

   25.3566   25.2084   25.0601   25.8463   26.0431


seenX =

  Columns 1 through 15

    0.0000    0.0000   -0.0025   -0.0230   -0.0273   -0.0316   -0.0385   -0.1556   -0.1421   -0.1093    0.1900    2.1044   -0.2598    0.0286    0.7770

  Columns 16 through 20

    0.9870    1.0448    1.1026    0.6357    0.6397


seenAngle =

  Columns 1 through 15

   -0.0448   -0.0448   -0.0291   -0.0301   -0.0280   -0.0258    0.0098    0.0287    0.0107    0.0026   -0.0475   -0.1240   -0.0972   -0.0834   -0.0592

  Columns 16 through 20

   -0.0426   -0.0400   -0.0374   -0.0299   -0.0205

%Real values 
realY = zeros(1, 10) + 24; 
realAngle = [0, 2, 5, 0, -2, ...
        5, -5, 0, 10, -10];
realX = zeros(1, 10);
****************************
3 EKF
seenY =

  Columns 1 through 15

  225.6812   31.2272   26.5448   26.6232   25.2418   25.2755   26.5612   26.6041   25.5321   25.2015   25.7675   25.7815   25.6446   25.7998   25.8764

  Columns 16 through 20

   25.9538  207.5159   25.7864 -155.2738 -336.3340


seenX =

     0     0     0     0     0     0     0     0     0     0     0     0     0     0     0     0     0     0     0     0


seenAngle =

  Columns 1 through 15

   -0.1266    0.0388    0.0746    0.1104    0.0810    0.0619    0.0636    0.0718    0.0386    0.0265    0.0217    0.0536    0.0473    0.0359    0.0246

  Columns 16 through 20

    0.0204    1.3687    2.3453   -2.1476   -1.1008
%Real values 
realY = zeros(1, 10) + 24; 
realAngle = [0, 2, 5, 0, -2, ...
        5, -5, 0, 10, -10];
realX = zeros(1, 10);

*********************************************
Hand

seenY =

  Columns 1 through 15

   25.2586   25.3448   26.2069   25.9483   26.1207   26.1207   26.0345   26.0345   25.2586   25.1724   28.1034   27.6293   25.6897   25.6897   25.0000

  Columns 16 through 20

   25.0000   26.2069  212.5000  213.3621  213.3621


seenX =

     0     0     0     0     0     0     0     0     0     0     0     0     0     0     0     0     0     0     0     0


seenAngle =

  Columns 1 through 15

   -0.0559   -0.0224         0    0.0782    0.0112    0.0112    0.0893    0.0893   -0.0559   -0.0448   -0.3038   -0.2884         0         0   -0.0448

  Columns 16 through 20

   -0.0671   -0.1555   -1.5298    1.5296    1.5296


%Real values 
realY = zeros(1, 10) + 24; 
realAngle = [0, 2, 5, 0, -2, ...
        5, -5, 0, 10, -10];
realX = zeros(1, 10);
***********************************
Linear Kalman

seenY =

  Columns 1 through 15

   26.0345   26.3651   26.5909   28.2504   29.0097   29.7691   26.6826   26.0836   25.4595   25.2905   25.1734   25.1290   24.9547   24.7805   25.4182

  Columns 16 through 20

   25.6078   25.6504   25.6930   26.0045   26.1122


seenX =

     0     0     0     0     0     0     0     0     0     0     0     0     0     0     0     0     0     0     0     0


seenAngle =

  Columns 1 through 15

   -0.1335   -0.0724   -0.0292   -0.4068   -0.5277   -0.6486   -0.0957    0.0031   -0.0233   -0.0571   -0.0202   -0.0143   -0.0010    0.0122   -0.1029

  Columns 16 through 20

   -0.1241   -0.1470   -0.1700   -0.1887   -0.1960

%Real values 
realY = zeros(1, 10) + 24; 
realAngle = [0, 2, 5, 0, -2, ...
        5, -5, 0, 10, -10];
realX = zeros(1, 10);


