******************************************
Linear Kalman
seenY =

  Columns 1 through 15

   16.0345   15.9684   19.9230   21.4897   25.4410   27.0920   30.2306   31.9421   37.6391   41.0090   40.5194   39.7250   36.7637   34.4464   29.0452

  Columns 16 through 20

   25.8694   24.9792   23.6211   34.9180   43.2029


seenX =

     0     0     0     0     0     0     0     0     0     0     0     0     0     0     0     0     0     0     0     0


seenAngle =

  Columns 1 through 15

    0.0224   -0.0040   -0.0140   -0.0396    0.0009    0.0373    0.0354    0.0315    0.0547    0.0399   -0.0312   -0.0711   -0.0345   -0.0154    0.0299

  Columns 16 through 20

    0.1602    0.4037    0.3480    0.1810    0.0644

%Real values 
realY = [15, 20, 25, 30, 40, ...
        35, 30, 10, 10, 50];
realAngle = zeros(1, 10);
realX = zeros(1, 10);

****************************************************************
HAND
seenY =

  Columns 1 through 15

   16.2069   16.2069   20.8621   21.1207   26.0345   25.6897   30.4310   30.0862   41.2931   41.2931   35.6034   35.4310   31.4655   31.5517  223.7069

  Columns 16 through 20

  210.7759  210.8621  210.3448   51.1207   51.0345


seenX =

     0     0     0     0     0     0     0     0     0     0     0     0     0     0     0     0     0     0     0     0


seenAngle =

  Columns 1 through 15

    0.0224   -0.0224    0.0224    0.0559    0.0224    0.0224   -0.0336    0.0112    0.1004    0.1004    0.0112   -0.0112    0.0112    0.0224    1.5327

  Columns 16 through 20

    1.5301    1.5301    1.5302    0.0782    0.1115


%Real values 
realY = [15, 20, 25, 30, 40, ...
        35, 30, 10, 10, 50];
realAngle = zeros(1, 10);
realX = zeros(1, 10);
*************************************
3 EKF
seenY =

   1.0e+03 *

  Columns 1 through 15

    0.0160    0.0160    0.0206    0.0207    0.0262    0.0260    0.0311    0.0307    0.0412    0.0416    0.0357    0.0357    0.0309    0.0313    0.2052

  Columns 16 through 20

    0.0338   -0.1493   -0.3325   -0.6057   -1.1436


seenX =

     0     0     0     0     0     0     0     0     0     0     0     0     0     0     0     0     0     0     0     0


seenAngle =

  Columns 1 through 15

   -0.0318   -0.0378   -0.0024    0.0214   -0.0003   -0.0002   -0.0072   -0.0120   -0.0082   -0.0021    0.0056    0.0179    0.0229    0.0121   -1.4546

  Columns 16 through 20

   -1.8058   -3.1078    0.0250    0.0400    0.0594
%Real values 
realY = [15, 20, 25, 30, 40, ...
        35, 30, 10, 10, 50];
realAngle = zeros(1, 10);
realX = zeros(1, 10);
*************************************
6 EKF

seenY =

  Columns 1 through 15

   16.2109   17.1459   20.2431   21.2343   24.8569   26.4576   29.8143   31.4554   38.0851   41.5270   39.8645   38.2642   34.7218   34.0091   33.2965

  Columns 16 through 20

   32.5839   31.8712   31.1586   30.4459   29.7333


seenX =

  Columns 1 through 15

   -0.0000   -0.0010   -0.0216   -0.0926    0.1020    0.2044   -0.0145    0.1576   -0.5644   -0.5984    0.3373   -1.7393   -6.7422   -7.2390   -7.7358

  Columns 16 through 20

   -8.2326   -8.7294   -9.2263   -9.7231  -10.2199


seenAngle =

  Columns 1 through 15

    0.0224    0.0310    0.0076   -0.0116    0.0052    0.0162    0.0232    0.0296    0.0334    0.0425    0.0208   -0.0060   -0.0537   -0.0642   -0.0746

  Columns 16 through 20

   -0.0850   -0.0954   -0.1059   -0.1163   -0.1267

%Real values 
realY = [15, 20, 25, 30, 40, ...
        35, 30, 10, 10, 50];
realAngle = zeros(1, 10);
realX = zeros(1, 10);
********************************
