l = 8.4
*********************
Angle
seenY =

  Columns 1 through 15

   25.8621   25.2670   25.0286   24.9638   25.0565   25.1650   25.2351   25.2819   25.2335   25.2398   25.3616   25.4854   25.7218   25.8790   25.9741

  Columns 16 through 20

   26.0236   25.7723   25.5446   25.4872   25.4299


seenX =

     0     0     0     0     0     0     0     0     0     0     0     0     0     0     0     0     0     0     0     0


seenAngle =

  Columns 1 through 15

    0.2024    0.0592   -0.0257   -0.0500    0.0790    0.1382    0.0430   -0.0151    0.0299    0.0484    0.1203    0.1472    0.1809    0.2185    0.1862

  Columns 16 through 20

    0.1625    0.2539    0.2946    0.3317    0.3687

realY = zeros(1, 10) + 24; 
realAngle = [0, 2, 5, 0, -2, ...
        5, -5, 0, 10, -10];
realX = zeros(1, 10);
***************************
Distance

seenY =

  Columns 1 through 15

   16.5517   15.9567   19.9563   21.6863   25.1014   26.6152   29.9510   32.0061   37.5340   40.9035   40.2995   39.4277   36.3409   33.9046   24.1129

  Columns 16 through 20

   21.1917   23.4312   24.5246   23.5110   22.4974


seenX =

     0     0     0     0     0     0     0     0     0     0     0     0     0     0     0     0     0     0     0     0


seenAngle =

  Columns 1 through 15

    0.0410   -0.0074    0.0369    0.0714    0.0195    0.0293    0.1221    0.1371    0.1637    0.2333    0.1223    0.0529    0.0913    0.0949    0.0859

  Columns 16 through 20

    0.0804    0.7554    0.9840    1.2145    1.4450


%Real values 
realY = [15, 20, 25, 30, 40, ...
        35, 30, 10, 10, 50];
realAngle = zeros(1, 10);
realX = zeros(1, 10);